       1       1     100
       1       2     125
       2       1     235
       2       3      95
       3       1      50
       3       4      30
       4       1     133
       4       6      80
       5       1      50
       5       5      30
       6       1      25
       6       7      88
       7       1     140
       7       8     150
       8       2      41
       8       3      50
       9       2     180
       9       4     195
      10       2      65
      10       5      75
      11       2      50
      11       6     100
      12       2     100
      12       7      96
      13       2     170
      13       8     150
      14       3      75
      14       4      95
      15       3      25
      15       6      55
      16       3     132
      16       5      50
      17       3     145
      17       8      96
      18       3     100
      18       7     152
      19       4      99
      19       5     235
      20       4     100
      20       6     100
      21       4      50
      21       7      50
      22       4      35
      22       8      50
      23       5     150
      23       6     163
      24       5     135
      24       7     150
      25       5      70
      25       8     138
      26       6      50
      26       7     100
      27       6      75
      27       8      65
      28       7     100
      28       8      89
