 1 15 2.4  
 1  9 2.5  
 1  1 2.6  
 1 13 2.0
 2  5 2.7  
 2  7 2.8  
 2  8 2.4  
 2  1 2.7
 3 10 2.6  
 3  1 2.8  
 3 14 2.4  
 3  2 2.4
 4 15 3.4  
 4 11 3.1  
 4  2 2.1  
 4  3 2.3
 5  6 4.1  
 5 15 3.3  
 5  4 3.3  
 5  7 2.9
 6 12 3.4  
 6  4 3.2  
 6  3 2.8  
 6  1 3.0
 7 12 3.2  
 7 14 2.5  
 7 15 2.4  
 7  8 2.6
 8  6 2.3  
 8  3 2.3  
 8 14 2.4  
 8  5 2.7
 9  5 2.8  
 9  4 2.8  
 9  2 2.6  
 9 13 2.5
10 10 2.5 
10 12 2.7 
10 13 2.8 
10  6 2.6
11  9 2.6 
11  7 2.6 
11 10 2.3 
11  3 2.4
12  8 2.7 
12  6 2.7 
12  2 2.5 
12  9 2.6
13  5 3.0 
13  9 3.6 
13 11 3.2 
13 12 3.2
14  7 3.0 
14 13 2.8 
14 14 2.4 
14 11 2.5
15 10 2.4 
15  4 2.5 
15  8 3.2 
15 11 3.1

