       1       1       1 81.8589
       1       1       2 65.7844
       1       1       3 79.6923
       1       1       4 72.4393
       1       1       5 66.9824
       1       1       6 76.9693
       1       1       7 75.0287
       1       1       8 82.4446
       1       2       1 74.1982
       1       2       2 59.0707
       1       2       3 73.9835
       1       2       4 63.9853
       1       2       5  57.411
       1       2       6 66.2908
       1       2       7 80.1946
       1       2       8 78.7059
       1       3       1  74.733
       1       3       2 62.2267
       1       3       3 74.7503
       1       3       4 73.0615
       1       3       5 62.6094
       1       3       6  68.908
       1       3       7 81.6784
       1       3       8 79.2327
       1       4       1 82.1788
       1       4       2 65.5043
       1       4       3 78.1174
       1       4       4 74.6776
       1       4       5 70.8969
       1       4       6 80.8241
       1       4       7 82.9628
       1       4       8 81.6381
       2       1       1  76.526
       2       1       2 68.1667
       2       1       3 73.7576
       2       1       4 71.6331
       2       1       5 66.4683
       2       1       6  77.247
       2       1       7 79.1633
       2       1       8  76.238
       2       2       1 80.2185
       2       2       2 61.9678
       2       2       3 72.3088
       2       2       4 63.1178
       2       2       5 64.0058
       2       2       6 68.5655
       2       2       7 74.6172
       2       2       8 85.1986
       2       3       1 86.8242
       2       3       2 62.5644
       2       3       3 68.4172
       2       3       4 64.0026
       2       3       5  55.688
       2       3       6  66.607
       2       3       7 74.9698
       2       3       8 80.1268
       2       4       1 82.2724
       2       4       2 66.2858
       2       4       3 79.0801
       2       4       4 73.7622
       2       4       5 64.4234
       2       4       6 75.9308
       2       4       7  80.924
       2       4       8 90.5213
       3       1       1 86.4639
       3       1       2  62.816
       3       1       3 76.9747
       3       1       4  70.117
       3       1       5  64.367
       3       1       6 81.5084
       3       1       7 75.6212
       3       1       8 80.3717
       3       2       1 74.6303
       3       2       2 64.9235
       3       2       3 75.9447
       3       2       4 61.7239
       3       2       5 67.6771
       3       2       6 72.7317
       3       2       7 75.5386
       3       2       8 81.6301
       3       3       1 74.9422
       3       3       2 67.6663
       3       3       3 73.2542
       3       3       4 66.1412
       3       3       5 67.2035
       3       3       6  67.838
       3       3       7 74.4989
       3       3       8 91.6557
       3       4       1 87.9091
       3       4       2 65.3301
       3       4       3 82.7799
       3       4       4 73.1407
       3       4       5 67.2343
       3       4       6 86.6757
       3       4       7 85.7725
       3       4       8 89.5576
       4       1       1 86.8779
       4       1       2 64.3353
       4       1       3 76.2475
       4       1       4 78.1042
       4       1       5 68.3172
       4       1       6 79.7638
       4       1       7 86.0867
       4       1       8 99.3074
       4       2       1 77.0906
       4       2       2 68.4614
       4       2       3 75.1414
       4       2       4 72.2985
       4       2       5 66.7289
       4       2       6 79.0638
       4       2       7  83.263
       4       2       8 87.5524
       4       3       1 84.3773
       4       3       2 70.3948
       4       3       3 80.4806
       4       3       4 74.7708
       4       3       5  73.972
       4       3       6 84.4856
       4       3       7 84.8101
       4       3       8 89.9088
       4       4       1 91.2821
       4       4       2 64.6549
       4       4       3 82.1419
       4       4       4 80.8909
       4       4       5 74.2621
       4       4       6 88.3062
       4       4       7 88.5258
       4       4       8 93.5363
