       1       1       1    43.7
       1       1       1    42.9
       1       1       1    44.0
       1       1       1    44.3
       1       1       1    44.4
       1       1       2    33.6
       1       1       2    32.7
       1       1       2    34.0
       1       1       2    32.9
       1       1       2    33.1
       1       2       1    61.5
       1       2       1    61.9
       1       2       1    60.8
       1       2       1    58.8
       1       2       1    58.2
       1       2       2    35.2
       1       2       2    35.4
       1       2       2    33.8
       1       2       2    33.9
       1       2       2    33.1
       2       1       1    42.1
       2       1       1    41.3
       2       1       1    41.8
       2       1       1    40.9
       2       1       1    40.1
       2       1       2    66.0
       2       1       2    66.2
       2       1       2    65.9
       2       1       2    64.4
       2       1       2    65.2
       2       2       1    46.4
       2       2       1    47.1
       2       2       1    45.9
       2       2       1    45.6
       2       2       1    44.5
       2       2       2    67.5
       2       2       2    68.0
       2       2       2    66.4
       2       2       2    65.8
       2       2       2    65.3
       3       1       1    39.1
       3       1       1    38.4
       3       1       1    39.7
       3       1       1    39.5
       3       1       1    38.3
       3       1       2    38.6
       3       1       2    38.1
       3       1       2    38.8
       3       1       2    38.8
       3       1       2    37.2
       3       2       1    46.5
       3       2       1    45.6
       3       2       1    44.5
       3       2       1    44.1
       3       2       1    43.2
       3       2       2    35.9
       3       2       2    37.3
       3       2       2    35.4
       3       2       2    36.0
       3       2       2    35.3
       4       1       1    41.3
       4       1       1    40.8
       4       1       1    41.2
       4       1       1    40.6
       4       1       1    40.9
       4       1       2    41.8
       4       1       2    40.9
       4       1       2    41.9
       4       1       2    41.7
       4       1       2    41.7
       4       2       1    49.4
       4       2       1    50.2
       4       2       1    48.1
       4       2       1    47.5
       4       2       1    46.2
       4       2       2    42.9
       4       2       2    43.9
       4       2       2    41.5
       4       2       2    40.8
       4       2       2    39.3
