       1       1       1       1     125
       1       2       2       1     121
       1       3       1       2     131
       1       4       2       2     124
       1       5       1       3     110
       1       6       2       3     120
       2       1       1       1     178
       2       2       2       1     183
       2       3       1       2     156
       2       4       2       2     175
       2       5       1       3     169
       2       6       2       3     168
       3       1       1       1     178
       3       2       2       1     167
       3       3       1       2     159
       3       4       2       2     157
       3       5       1       3     167
       3       6       2       3     166
       4       1       1       1     147
       4       2       2       1     126
       4       3       1       2     147
       4       4       2       2     146
       4       5       1       3     150
       4       6       2       3     136
       5       1       1       1     144
       5       2       2       1     153
       5       3       1       2     162
       5       4       2       2     171
       5       5       1       3     157
       5       6       2       3     163
