       1       1       1       1 10.8886
       1       1       1       2 14.1011
       1       1       1       3  1.4512
       1       1       1       4 14.3924
       1       1       1       5 17.8937
       1       1       1       6  9.4794
       1       1       1       7 12.0452
       1       1       1       8 16.6192
       1       1       1       9 21.2604
       1       1       1      10 20.9721
       1       1       1      11 19.0790
       1       1       1      12 26.6798
       1       1       1      13 23.6862
       1       1       1      14 28.0144
       1       1       1      15 27.7296
       1       1       1      16 26.9975
       1       1       1      17 34.4824
       1       1       1      18 32.6704
       1       1       1      19 27.7983
       1       1       1      20 31.3374
       1       1       1      21 34.8903
       1       1       1      22 31.1817
       1       1       1      23 31.6058
       1       1       1      24 35.5580
       1       1       1      25 46.6157
       1       1       1      26 34.6864
       1       1       1      27 35.8507
       1       1       1      28 37.7603
       1       1       1      29 38.3253
       1       1       1      30 49.3642
       2       1       2       1  2.4379
       2       1       2       2  0.3810
       2       1       2       3  9.6069
       2       1       2       4  9.2766
       2       1       2       5  3.0259
       2       1       2       6  8.4992
       2       1       2       7 17.2385
       2       1       2       8  8.5496
       2       1       2       9  9.2461
       2       1       2      10 15.0949
       2       1       2      11  9.7326
       2       1       2      12 29.0988
       2       1       2      13 31.7418
       2       1       2      14 17.6561
       2       1       2      15 17.8691
       2       1       2      16 34.7151
       2       1       2      17 35.9364
       2       1       2      18 35.1341
       2       1       2      19 27.4663
       2       1       2      20 32.6398
       2       1       2      21 38.0497
       2       1       2      22 53.4596
       2       1       2      23 51.6578
       2       1       2      24 36.0777
       2       1       2      25 41.9833
       2       1       2      26 72.4701
       2       1       2      27 44.9999
       2       1       2      28 63.5587
       2       1       2      29 54.8757
       2       1       2      30 64.7228
       3       1       3       1  0.8143
       3       1       3       2  1.0071
       3       1       3       3  0.3996
       3       1       3       4  3.4862
       3       1       3       5  2.7719
       3       1       3       6  4.2322
       3       1       3       7  5.0211
       3       1       3       8  3.6518
       3       1       3       9  3.6938
       3       1       3      10 19.6042
       3       1       3      11 10.3997
       3       1       3      12  3.8388
       3       1       3      13 23.3797
       3       1       3      14  5.1964
       3       1       3      15 22.9366
       3       1       3      16  9.7865
       3       1       3      17 25.6743
       3       1       3      18 27.5923
       3       1       3      19 27.2234
       3       1       3      20 21.8292
       3       1       3      21 25.3747
       3       1       3      22 25.7139
       3       1       3      23 43.7071
       3       1       3      24 41.7302
       3       1       3      25 49.4994
       3       1       3      26 31.4214
       3       1       3      27 51.8215
       3       1       3      28 50.6887
       3       1       3      29 50.2621
       3       1       3      30 47.3666
       4       2       1       1  0.9966
       4       2       1       2  0.6799
       4       2       1       3  1.5273
       4       2       1       4  4.9163
       4       2       1       5  6.9067
       4       2       1       6  5.5831
       4       2       1       7  9.0348
       4       2       1       8  7.5785
       4       2       1       9  3.1541
       4       2       1      10 11.0014
       4       2       1      11 10.3033
       4       2       1      12  5.9624
       4       2       1      13 10.0625
       4       2       1      14 13.1625
       4       2       1      15 13.3787
       4       2       1      16 13.0193
       4       2       1      17 11.8862
       4       2       1      18 14.4854
       4       2       1      19 16.4068
       4       2       1      20 19.4193
       4       2       1      21 15.5217
       4       2       1      22 18.6920
       4       2       1      23 15.6695
       4       2       1      24 21.3323
       4       2       1      25 20.2453
       4       2       1      26 22.2669
       4       2       1      27 34.9767
       4       2       1      28 30.0308
       4       2       1      29 23.6096
       4       2       1      30 31.8422
       5       2       2       1  0.6143
       5       2       2       2  1.0925
       5       2       2       3  6.6903
       5       2       2       4  6.3065
       5       2       2       5  8.7701
       5       2       2       6 11.1897
       5       2       2       7  4.2265
       5       2       2       8  3.4507
       5       2       2       9  6.9440
       5       2       2      10  7.6274
       5       2       2      11 11.7434
       5       2       2      12 12.9234
       5       2       2      13 14.6634
       5       2       2      14 16.6261
       5       2       2      15 17.0320
       5       2       2      16 24.6802
       5       2       2      17 16.9704
       5       2       2      18 38.2776
       5       2       2      19 21.4060
       5       2       2      20 35.1616
       5       2       2      21 29.5554
       5       2       2      22 77.7847
       5       2       2      23 49.6409
       5       2       2      24 43.2374
       5       2       2      25111.0478
       5       2       2      26 62.3948
       5       2       2      27176.2833
       5       2       2      28141.7977
       5       2       2      29 56.1667
       5       2       2      30 80.8881
       6       2       3       1  6.0899
       6       2       3       2  7.8300
       6       2       3       3  2.3524
       6       2       3       4 12.5969
       6       2       3       5  6.8163
       6       2       3       6  3.2363
       6       2       3       7 16.2551
       6       2       3       8 26.3406
       6       2       3       9 18.3531
       6       2       3      10 22.4192
       6       2       3      11 23.2123
       6       2       3      12 32.3010
       6       2       3      13 25.1338
       6       2       3      14 26.8969
       6       2       3      15 28.9338
       6       2       3      16 34.0946
       6       2       3      17 34.1667
       6       2       3      18 31.8979
       6       2       3      19 33.3107
       6       2       3      20 35.1288
       6       2       3      21 34.1165
       6       2       3      22 43.9417
       6       2       3      23 34.2017
       6       2       3      24 53.9798
       6       2       3      25 41.1731
       6       2       3      26 34.7418
       6       2       3      27 45.8776
       6       2       3      28 48.8177
       6       2       3      29 52.8056
       6       2       3      30 64.2744
