       1       1     0.8    45.1    80.4
       2       1     0.8    38.3   131.1
       3       1     0.5    13.2    41.9
       4       1     0.5    47.0   106.3
       5       1     0.5    39.5    89.0
       6       1     0.8    42.7    98.9
       7       1     0.8    19.8    62.9
       8       1     0.5    32.4    72.1
       9       1     1.0    21.3    64.8
      10       1     0.5    25.5    49.5
      11       1     0.5    25.3    48.0
      12       1     0.8    24.6    80.5
      13       1     0.5    39.9    96.9
      14       1     0.8    33.2    82.9
      15       1     0.5    43.4   102.4
      16       1     0.8    23.1    61.0
      17       1     1.0    37.0    79.3
      18       1     0.8    24.9    68.7
      19       1     0.5    46.8    88.2
      20       1     0.5    27.3    72.2
      21       1     1.0    29.4    81.0
      22       1     0.8    44.6    90.8
      23       1     1.0    45.8   125.4
      24       1     0.8    41.0   118.1
      25       1     0.5    33.0    87.8
      26       1     1.5    39.3   111.7
      27       1     0.8    20.2    53.2
      28       1     0.5    36.5   135.9
      29       1     0.5    19.5    42.6
      30       1     0.8    20.3    66.7
      31       1     0.5    21.2    55.5
      32       1     0.5    32.5    74.9
      33       1     0.8    25.0   102.7
       1       2     0.5    46.9    91.9
       2       2     1.0    29.8    99.0
       3       2     0.5    25.7    58.6
       4       2     0.5    54.1   112.0
       5       2     0.5    40.3    75.0
       6       2     0.5    39.3    92.3
       7       2     0.5    32.1    84.4
       8       2     0.8    37.0    95.3
       9       2     1.0    30.4   107.1
      10       2     1.0    18.6    44.3
      11       2     0.8    19.0    41.4
      12       2     0.8    31.3    91.2
      13       2     0.5    26.9    79.4
      14       2     0.8    26.9    66.8
      15       2     0.8    35.2    99.3
      16       2     1.0    27.6    78.5
      17       2     0.5    37.1    75.9
      18       2     0.8    35.1    83.3
      19       2     0.5    33.3    67.9
      20       2     0.8    25.6    84.7
      21       2     1.0    37.4   102.3
      22       2     1.0    30.6    84.6
      23       2     0.8    52.2   101.4
      24       2     1.0    26.1   134.4
      25       2     0.5    31.6    82.5
      26       2     1.5    31.5   108.9
      27       2     0.8    22.2    59.1
      28       2     0.5    41.1   112.1
      29       2     0.5    23.9    44.4
      30       2     1.5    15.1    55.4
      31       2     0.5    17.4    54.0
      32       2     0.5    40.0    78.8
      33       2     0.8    32.3   101.3
       1       3     1.0    29.2    90.9
       2       3     0.5    38.8    96.2
       3       3     0.5    21.6    47.9
       4       3     0.5    39.3    78.1
       5       3     0.5    30.5    66.2
       6       3     0.5    42.0   105.0
       7       3     1.0    39.8    85.5
       8       3     0.5    51.8   105.6
       9       3     0.5    31.6    65.0
      10       3     1.0    22.4    63.2
      11       3     0.8    21.9    51.9
      12       3     0.5    27.9    86.2
      13       3     0.5    32.5    87.6
      14       3     0.5    21.4    57.4
      15       3     0.8    27.5    91.7
      16       3     0.5    31.3    70.5
      17       3     0.8    31.1    78.7
      18       3     1.0    26.9    76.1
      19       3     0.5    39.4    84.7
      20       3     0.5    45.3   112.9
      21       3     1.0    21.9    73.5
      22       3     0.8    40.4   101.0
      23       3     0.5    50.6   100.0
      24       3     0.8    34.7   119.0
      25       3     0.8    31.9    83.1
      26       3     0.8    48.0   113.2
      27       3     0.8    19.8    57.3
      28       3     0.8    47.3   109.5
      29       3     0.5    26.3    53.9
      30       3     0.5    20.4    58.9
      31       3     1.0    18.4    66.2
      32       3     0.5    31.3    64.7
      33       3     1.0    27.1    98.4
