 1   2   564
 1   3   575
 1   4   567
 2   2   410
 2   3   417
 2   4   402
 3   2   456
 3   3   444
 3   4   450
 4   2   522
 4   3   543
 4   4   540
 5   2   612
 5   3   617
 5   4   641
 6   2   558
 6   3   565
 6   4   553
 7   2   477
 7   3   514
 7   4   484
 8   2   534
 8   3   527
 8   4   544
 9   2   468
 9   3   489
 9   4   510
10   2   497
10   3   522
10   4   544
11   2   574
11   3   609
11   4   629
12   2   485
12   3   498
12   4   501
13   2   536
13   3   549
13   4   538
14   2   462
14   3   479
14   4   478
15   2   498
15   3   520
15   4   516
