       1       1    1141
       1       2    1573
       1       3    1802
       1       4    1745
       1       5    1663
       1       6    1288
       1       7    1705
       1       8    1340
       2       1    1558
       2       2    1963
       2       3    2140
       2       4    2142
       2       5    2116
       2       6    1748
       2       7    2105
       2       8    1755
       3       1    1493
       3       2    2036
       3       3    2218
       3       4    2078
       3       5    2036
       3       6    1696
       3       7    2167
       3       8    1748
