       1       1   7.755
       1       2   7.743
       1       3   7.409
       1       4   7.182
       1       5   7.263
       1       6   7.233
       2       1   7.851
       2       2   7.577
       2       3   7.364
       2       4   7.485
       2       5   7.223
       2       6   7.199
       3       1   8.048
       3       2   7.946
       3       3   7.731
       3       4   7.554
       3       5   7.361
       3       6   7.599
       4       1   8.401
       4       2   7.906
       4       3   7.892
       4       4   8.028
       4       5   7.685
       4       6   7.950
       5       1   7.724
       5       2   7.675
       5       3   7.394
       5       4   7.690
       5       5   7.576
       5       6   7.867
       6       1   7.672
       6       2   7.456
       6       3   7.713
       6       4   7.589
       6       5   7.364
       6       6   7.360
       7       1   8.207
       7       2   7.918
       7       3   7.860
       7       4   8.012
       7       5   7.747
       7       6   7.944
