       1       1      40
       1       2      52
       1       3      53
       1       4      46
       2       1      20
       2       2       0
       2       3       0
       2       4      18
       3       1      29
       3       2      11
       3       3      12
       3       4      29
       4       1      10
       4       2      17
       4       3       6
       4       4       0
       5       1      17
       5       2       3
       5       3       0
       5       4       0
       6       1      10
       6       2       0
       6       3       4
       6       4       0
       7       1      30
       7       2      25
       7       3      32
       7       4      59
       8       1      31
       8       2      20
       8       3      37
       8       4       5
       9       1      28
       9       2      43
       9       3      52
       9       4      43
      10       1       6
      10       2      41
      10       3      23
      10       4      23
      11       1      21
      11       2      41
      11       3      38
      11       4      49
      12       1      18
      12       2       5
      12       3      13
      12       4      37
      13       1       6
      13       2      42
      13       3      42
      13       4      34
      14       1       0
      14       2       0
      14       3       0
      14       4      28
      15       1       0
      15       2      34
      15       3      53
      15       4      59
      16       1       0
      16       2      13
      16       3      18
      16       4      40
      17       1      15
      17       2      47
      17       3      42
      17       4      23
      18       1      27
      18       2      28
      18       3      19
      18       4      16
      19       1      16
      19       2      12
      19       3      12
      19       4       0
      20       1      12
      20       2      40
      20       3      46
      20       4       9
      21       1       2
      21       2      22
      21       3      19
      21       4       6
      22       1      15
      22       2      34
      22       3      51
      22       4      16
      23       1       1
      23       2      42
      23       3      37
      23       4      48
      24       1      20
      24       2      28
      24       3      26
      24       4      47
